740706208 239257583
1454162163 933309777
1847065490 2110832606
1117206686 2298727909
584665430 2068982604
2380583123 593752208
265383228 151779777
2135999689 327830474
163356124 2603617594
78676242 146805658
921549186 1327566219
1583670442 1548685856
1561983853 2129077077
596092111 659426767
753420807 2492841713
2432813592 1860677326
457617575 1153605606
121256528 957886048
683041518 2370408064
2534922220 2485921239
299270241 435921068
2659643571 2574574949
1960943738 426040930
2037745035 2759991590
1838689317 2348296226
2158467207 1972613536
1088407609 570946920
326732712 1755786382
1964051725 693989708
2313282080 407597241
1885500670 1971873714
1092695398 2053582586
891992756 1221958437
440020338 1382108702
2048376464 1903280879
1807769485 353400704
1533573099 2601001067
1016265577 1969265022
2506178268 1098255668
385168685 2123964654
1212540773 2345211127
2673943801 693357808
2221954148 1996397467
139683302 372639175
2098268017 103500567
2195281424 1862631762
446925056 1887872785
312432129 2415810563
2424191633 855293955
892156007 1742184980
